7
100 1399760164
354724723 116663117 1885681600 474513639 2048518168 1798715778 1154451359 560856756 1265212167 1048886968 639685644 1765763845 1962254641 1433464549 499924441 1054240376 1022523980 388882895 1541208731 970773431 1604797159 1508755786 352886413 1673921314 1488688549 422151782 1680803283 240145938 743965900 1827917457 1639906102 1098690623 1944580573 1378104053 1573204261 1845615092 1029336182 580171972 258988200 147064700 1629058939 898673843 1912828544 1443829931 184654743 265269336 350586658 1207178723 654152230 1891795388 30468505 111465741 1253067526 383354917 1785387054 594272426 805506698 1318706689 834418363 1549472597 999140497 326840816 500679571 796237422 1704944868 2073883832 494368865 586797401 506572155 753357064 733862100 2135631093 1652030907 499206995 1431977375 1836685649 764476331 1782564032 896380723 1418628560 1526875771 926849227 1530094300 632459648 1310204143 1167997706 1226732073 2115710840 339220746 2061150436 1517699789 1338361242 240507603 2018379359 2134598663 1945452471 1944779542 481483880 384766223 303868048
100 1234840943
1118628323 292015492 739388201 1617835317 1723992866 428590202 234827999 1359073249 1324970924 1653456559 738465372 104336503 1036067210 1370925019 1414540645 56581267 450173444 1382767837 395802012 363840231 752983977 1734163254 604347833 623879687 1721278268 402316655 421175581 55278499 787082878 725043628 1290119442 1905711200 1017059120 2029507642 1376062868 593568337 310614195 1610890867 1952641586 1635585119 1116863777 543623309 1739921621 5447338 1914548327 1006978617 62028605 217238122 242262805 457830616 581078352 995246781 44510221 1185426185 1619126468 1765788489 1587742839 2040302048 1821066987 227342068 617862027 963702780 2133053267 1634921146 845726774 1361632487 81005835 1156340968 825039705 2033647420 644442438 1941903481 429787080 236880410 1947350818 196851758 1243859027 2009379422 414089880 1486121831 319726390 995168231 333884964 364236610 33110767 1953011431 2130025098 1620853606 1845829830 1803608437 1848195673 316208208 619827568 1833765292 1951129354 1465554341 1047914130 2032135188 474411661 1872953834
100 1918298959
1118854098 1667373666 200602390 1355734508 1467240835 397454147 452109886 1329136609 811544026 1938231716 1648862998 1806712257 124633031 2013099607 1839823023 2077644461 1995641057 1313192980 1775990642 1651765845 1013905005 2092198850 124109764 700186648 1895844555 1589664105 1748100777 1780496094 2064075765 1473570962 1551311404 1035446214 993460979 1751913793 243697073 313218165 1884291 695806958 1642354773 813428317 486555026 1143734122 472656925 611188056 1009350081 164996299 541348869 857507489 1478189279 169855862 361789685 344610635 114571063 485899448 1044797282 2010415617 2075563552 645414410 1643428062 1992155668 2118985371 1047255817 880118234 964962701 651685961 1123815306 1278180865 653570252 1819622264 773051990 1466998568 158693641 1916786111 1939655492 769881696 778652543 2104651790 1311230564 1636160031 1435357420 1481086426 1997949715 1779968054 1595657488 336365515 677281687 1458589457 264445418 1322696096 954533870 109117438 1294197818 2001789687 989235671 111676870 505991999 2113050976 1389857735 1159562250 1785189591
100 15426076
479077169 1943883231 1932212186 271249012 566281279 563381081 228417154 1877511842 52057463 1663774573 1211114619 2050007178 1296258979 659288459 238889044 1973540665 2117877915 503334461 1148753113 924928136 612451898 295467282 779234174 1601687568 407144152 1285226173 1567254896 1797001886 297304774 1204960838 1812427961 776381943 1001360421 1597156498 1047630954 1567641699 13053930 1276048107 1297669892 65111393 792339032 361300863 2115118570 2088598010 1020589321 206523965 1914655026 990983587 709858425 915924490 1915911722 1322310323 1211391772 547662248 776514242 1618535923 1832888420 196285489 1268054160 2130193193 1401246327 932998472 759091487 255123099 382671321 1806722441 1822764797 395725251 935286899 972951040 460836643 1727625930 1334251902 428471564 1668740291 207357574 634995528 1435911669 1198341160 1344853952 204352510 966769234 519680626 1415744281 1514431481 1296194868 886796555 1199836252 1492480356 7367066 1182545796 746243034 940365537 1941637283 1001366132 1323036858 1600876075 676647280 1718762108 388679325
100 1649598320
32115102 2116305255 836366573 460586665 1637561897 1043724147 1095582192 925989917 94581658 292952495 1130342427 1061350891 812633121 398603059 428298723 2108827988 1285399614 1628134974 1453824695 1292766679 663197122 52584081 85648568 457350756 1053950212 1408685425 2058226830 1730597492 979963884 299422506 1232712163 1012078985 268244112 2069078735 1472665649 1905806009 965319233 420764192 684312277 1059900891 713716686 1814654703 2121251781 1526349806 65774114 402066856 1487694145 1351173727 2030201829 794035192 496456757 545915302 846619272 582105324 1003266057 1900569483 1990790748 914009238 1483683326 823270983 1213431744 568911840 1835349967 1481675855 490506927 1160531967 1239998215 1455826159 1581296158 1924310492 368243401 147529196 1591481546 342011534 1673879001 1657255659 744078389 1014089498 860945737 626796569 1808124689 1357402494 1172711871 507260312 1939507817 28494279 260346146 1782814917 942503517 1744029472 458602251 8451612 165457663 146468570 1490127466 655964589 1307000536 582642033 2111790748 740813046
100 359468876
332550500 888342241 1950950421 674562033 414737593 1460722432 1418640421 1428827090 174184520 2045436990 1089468130 1531587013 1070665212 1596728441 1323611182 1099159490 1857074587 958942450 2041663006 1453620410 1417544700 2050114617 1619078072 1564013269 1392758435 127559013 723530157 1975400467 91866112 1464343202 187385694 424416611 205201794 2138336114 1098978644 619939386 1451574897 370135416 2048766476 1625759417 268088757 990750957 1009862781 1338753968 439995750 185990314 290429810 149586688 1144932763 184609167 1603207097 414993815 87240136 1074801520 1979007083 1479998570 1202360532 555053591 1307915388 1294226643 2019396792 1495301081 1718643254 77114937 1486153546 670138249 697054323 790244795 1040273664 598337150 268520563 1308362421 1589088106 1278383343 499632740 2029083855 1464373657 790062549 31186894 461822771 974671716 1634393990 876816585 1061911851 561711862 708340020 394426772 1764072393 1263393610 1702342159 910815388 1135306754 1050159591 481974993 1212421690 388829488 1152113241 1909476012 1179074282 44903256
100 360329513
1447594844 1353265676 1949417619 578494539 1852898416 1831017825 2042868195 495477316 1862204719 357207317 1470149031 1349115060 1234023902 384577233 1910826921 1942363921 779004004 1527415666 1058273882 333862514 290747405 46096987 1384022104 772722397 1258518677 1772851592 1924835637 1020511040 804442225 1969738892 1380840553 104553421 1175520920 1182774523 683047959 880935687 866308699 578432505 1376413002 581029769 935639821 699078385 1930144829 22180074 1083655617 1693488101 1964543994 1862659621 1073420118 875334228 49038486 1364167522 921431214 1433060590 2136889918 32466242 1058428533 1914241906 1052977282 1862870757 1736497150 286334186 1967424177 764534421 1469108708 502988487 1645470107 187933758 1081420991 874399460 768963527 2017060812 1573477844 551624707 2039240885 509649813 97629159 1856301231 224825785 1171049277 584151810 273864270 387733150 1505583023 1706924859 377139420 1538049265 617869743 143897677 443542898 333256852 1880394826 729877083 153197380 497445598 51502142 656185867 2142915704 239435899 1737606857
